30 0.5 60 0 0 0 0 0 0 0 0
30 0.5 65 0 8 15 0 10 -10 -10 0
30 0.5 70 0 -8 -15 0 -10 10 10 0
30 0.5 75 0 8 15 0 10 -10 -10 0
30 0.5 80 0 -8 -15 0 -10 10 10 0
30 0.5 85 0 8 15 0 10 -10 -10 0
30 0.5 85 -90 0 0 0 0 0 0 0
25 0.5 85 -90 8 15 0 10 -10 -10 0
20 0.5 85 -90 -8 -15 0 -10 10 10 0
15 0.5 85 -90 8 15 0 10 -10 -10 0
10 0.5 85 -90 -8 -15 0 -10 10 10 0
5 0.5 85 -90 8 15 0 10 -10 -10 0
5 0 85 -90 0 0 0 0 0 45 -35
5 0.5 85 -90 0 0 0 0 0 0 0
5 0.5 85 90 0 0 0 0 0 0 0
10 0.5 85 90 8 15 0 10 -10 -10 0
15 0.5 85 90 -8 -15 0 -10 10 10 0
20 0.5 85 90 8 15 0 10 -10 -10 0
25 0.5 85 90 -8 -15 0 -10 10 10 0
30 0.5 85 90 8 15 0 10 -10 -10 0
35 0.5 85 90 -8 -15 0 -10 10 10 0
40 0.5 85 90 8 15 0 10 -10 -10 0
45 0.5 85 90 -8 -15 0 -10 10 10 0
50 0.5 85 90 8 15 0 10 -10 -10 0
55 0.5 85 90 -8 -15 0 -10 10 10 0
55 0.5 85 180 0 0 0 0 0 0 0
55 0.5 80 180 8 15 0 10 -10 -10 0
55 0.5 75 180 -8 -15 0 -10 10 10 0
55 0.5 70 180 8 15 0 10 -10 -10 0
55 0.5 65 180 -8 -15 0 -10 10 10 0
55 0.5 60 180 8 15 0 10 -10 -10 0
55 0.5 60 270 0 0 0 0 0 0 0
50 0.5 60 270 8 15 0 10 -10 -10 0
45 0.5 60 270 -8 -15 0 -10 10 10 0
40 0.5 60 270 8 15 0 10 -10 -10 0
35 0.5 60 270 -8 -15 0 -10 10 10 0
30 0.5 60 270 8 15 0 10 -10 -10 0
30 0.5 60 360 0 0 0 0 0 0 0
30 0 60 360 0 0 0 0 0 45 -35
